== d8 default run 1
wasm per call ms: 0.34 0.25 0.09 0.10 0.08 0.08 0.08 0.08 0.08 0.09 0.08 0.08 0.08 0.09 0.12 0.08 0.08 0.08 0.10 0.08 0.08 0.08 0.08 0.09 0.08 0.08 0.08 0.08 0.08 0.10 0.08 0.08 0.08 0.09 0.10 0.08 0.08 0.08 0.08 0.10
js   per call ms: 1.24 0.74 0.13 0.11 0.10 0.11 0.10 0.11 0.11 0.10 0.10 0.10 0.10 0.11 0.11 0.10 0.10 0.10 0.12 0.11 0.10 0.10 0.10 0.11 0.10 0.11 0.10 0.11 0.11 0.10 0.10 0.10 0.10 0.12 0.15 0.10 0.10 0.10 0.11 0.10
== d8 default run 2
wasm per call ms: 0.36 0.31 0.09 0.08 0.09 0.08 0.08 0.08 0.08 0.08 0.08 0.09 0.08 0.08 0.08 0.08 0.09 0.08 0.10 0.08 0.12 0.11 0.08 0.08 0.10 0.08 0.08 0.08 0.08 0.09 0.08 0.09 0.08 0.08 0.08 0.08 0.09 0.08 0.08 0.08
js   per call ms: 1.12 0.52 0.13 0.10 0.13 0.12 0.10 0.10 0.10 0.12 0.10 0.10 0.10 0.11 0.12 0.16 0.10 0.10 0.11 0.12 0.15 0.10 0.10 0.10 0.10 0.11 0.10 0.10 0.10 0.12 0.10 0.10 0.10 0.10 0.11 0.10 0.11 0.10 0.10 0.12
== d8 --trace-wasm-compilation? (tier-up events)
Warning: unknown flag --trace-wasm-tier-up.
Try --help for options
== d8 --liftoff-only
wasm per call ms: 0.17 0.15 0.25 0.14 0.13 0.14 0.15 0.14 0.16 0.15 0.13 0.14 0.13 0.13 0.13 0.14 0.13 0.13 0.25 0.15 0.28 0.13 0.14 0.20 0.13 0.14 0.13 0.24 0.13 0.14 0.13 0.14 0.16 0.13 0.14 0.14 0.13 0.14 0.13 0.13
js   per call ms: 1.06 0.58 0.13 0.11 0.11 0.10 0.10 0.11 0.10 0.10 0.11 0.12 0.10 0.10 0.10 0.12 0.10 0.10 0.11 0.10 0.10 0.10 0.10 0.10 0.10 0.10 0.11 0.10 0.10 0.11 0.11 0.10 0.10 0.13 0.11 0.10 0.10 0.11 0.13 0.10
== d8 --no-liftoff
wasm per call ms: 0.60 0.09 0.09 0.11 0.08 0.17 0.08 0.11 0.08 0.10 0.08 0.11 0.08 0.08 0.08 0.09 0.09 0.07 0.09 0.07 0.07 0.07 0.07 0.08 0.07 0.07 0.07 0.07 0.07 0.07 0.07 0.07 0.07 0.07 0.07 0.07 0.07 0.08 0.07 0.08
js   per call ms: 0.97 0.55 0.26 0.10 0.13 0.13 0.11 0.10 0.10 0.11 0.12 0.11 0.10 0.10 0.10 0.10 0.09 0.09 0.13 0.09 0.09 0.09 0.09 0.09 0.10 0.09 0.09 0.09 0.09 0.09 0.10 0.09 0.09 0.09 0.09 0.09 0.13 0.09 0.09 0.09
